CACHE type 5 produced by analog 6.0/Unix. Do not modify or delete!
T	0	0	4213	95	38	37	52632529
D	24629361	24659284
17103	208	5	1	28145
17106	150	1	1	339
17108	152	1	1	339
17108	165	2	2	678
17108	173	3	3	1017
17108	174	4	0	27806
17108	270	1	1	339
17109	168	1	1	339
17109	183	1	1	339
17109	198	6	2	28484
17109	203	1	1	339
17109	267	1	1	339
17110	132	1	1	339
17111	275	1	1	339
17112	142	1	1	339
17113	105	1	1	339
17114	83	4	0	27806
17114	84	190	5	2428857
17114	85	172	1	2191638
17114	86	147	0	1716039
17114	103	11	2	120835
17114	112	109	2	1410662
17114	113	17	0	167920
17114	119	127	2	1560876
17114	120	53	1	667083
17114	121	27	1	343707
17114	124	9	1	116394
17114	137	79	1	928686
17114	138	46	0	619438
17114	156	64	1	963865
17114	168	72	2	904346
17114	169	9	1	116469
17114	170	17	0	167995
17114	171	101	0	1248825
17114	173	4	0	20135
17114	174	25	0	282764
17114	176	18	0	261553
17114	177	78	0	914034
17114	181	26	0	284323
17114	182	141	1	1652646
17114	183	50	0	630728
17114	184	264	1	3207132
17114	185	31	1	378066
17114	188	224	0	2606686
17114	189	34	1	403018
17114	190	107	0	1212908
17114	192	1	0	3300
17114	194	52	1	585690
17114	195	46	0	470516
17114	197	29	0	325387
17114	201	26	1	284314
17114	204	2	0	130031
17114	206	9	0	116403
17114	250	10	1	125480
17114	265	86	0	1024232
17114	266	124	0	1578783
17114	267	81	1	1001651
17115	19	55	1	765640
17115	109	2	1	4441
17115	154	2	1	4441
17115	175	54	1	648399
17115	186	102	1	1231455
17115	269	30	4	390342
17116	167	2	1	4441
17117	35	2	1	4441
17117	245	2	1	4441
17118	125	2	1	4441
17118	247	9	1	116394
17118	258	2	1	4441
17118	278	138	1	1706564
17119	127	2	1	4441
17119	280	2	1	4441
17120	66	55	1	789411
17120	187	29	2	471336
17120	189	52	0	601071
17120	281	2	1	4441
17121	187	1	0	1150
17122	119	2	1	4441
17122	136	10	1	117544
17122	170	18	2	232788
17122	171	35	0	433151
17122	172	23	1	316709
17122	173	13	1	136529
17122	175	9	1	116513
17122	179	10	1	117663
17122	181	20	2	235326
17122	184	70	3	787274
17122	185	8	1	120348
17122	186	90	5	1231535
17122	187	55	1	792110
17122	188	35	0	506698
17122	189	54	0	772303
17122	190	53	0	764472
17122	191	110	0	1582451
17122	192	36	0	637353
17122	193	114	0	1472720
17122	194	1	0	9086
17122	195	83	1	1086454
17122	246	25	1	300940
17123	193	2	1	4762
17124	111	2	1	4762
17124	141	29	1	670700
17124	144	8	1	120645
1	1	0	0	0	24655178	0	0	24655178	0	0	1150	/templates/wishee/favicon.ico?10.135.2.110
1	17	0	0	0	24656636	0	0	24644581	0	0	127559	/index.php/log-in
1	8	0	0	0	24656544	0	0	24644582	0	0	227720	/administrator/templates/isis/css/template.css?025cb1f6e0532a3883ac4e638ddacc4c
1	163	0	0	0	24659266	0	0	24644581	0	0	3423	/media/jui/js/jquery-noconflict.js
1	27	0	0	0	24659266	0	0	24644582	0	0	1929000	/templates/wishee/fonts/fontawesome-webfont.woff2?v=4.7.0
1	325	0	0	0	24659284	0	0	24644581	0	0	2417675	/templates/wishee/css/font-awesome.css
1	1	0	0	0	24644583	0	0	24644583	0	0	2	/administrator/index.php?option=com_installer&view=update&task=update.ajax&a5f3ec6e4b8043dfd1591291ec8f5ea8=1&eid=700&cache_timeout=3600
1	2	0	0	0	24656543	0	0	24644582	0	0	50848	/media/jui/fonts/IcoMoon.woff
1	46	0	0	0	24656659	0	0	24644582	0	0	40868	/components/com_wishee/views/js/list.js
1	0	0	1	0	0	24645105	0	0	24645105	0	0	/index.php?option=com_users&task=user.logout&342c58e5ecf67563ba8d2c4b6aa24120=1&return=aHR0cDovL2N0NjAwOC1idWl6a2l0cy5zdHVkZW50c2l0ZXMuZ2xvcy5hYy51ay8=
1	0	0	1	0	0	24644721	0	0	24644721	0	0	/index.php?option=com_users&task=user.logout&1e7f016139033761b5ea33d956feb974=1&return=aHR0cDovL2N0NjAwOC1idWl6a2l0cy5zdHVkZW50c2l0ZXMuZ2xvcy5hYy51ay8=
1	4	0	0	0	24656646	0	0	24644593	0	0	24868	/media/jui/js/chosen.jquery.min.js
1	1	0	0	0	24644581	0	0	24644581	0	0	2145	/installation/index.php?view=ftpbrowser
1	0	0	0	19	0	0	24656644	0	0	24656607	0	/templates/wishee/css/bootstrap.css.map
1	105	0	0	0	24659266	0	0	24644581	0	0	253995	/media/system/js/core.js
1	27	0	0	0	24656658	0	0	24644585	0	0	268083	/index.php/about-wishee
1	3	0	0	0	24656544	0	0	24644583	0	0	89134	/images/on-purple.png
1	319	0	0	0	24659284	0	0	24644581	0	0	2456619	/templates/wishee/js/bootstrap.min.js
1	76	0	0	0	24659266	0	0	24644582	0	0	185212	/components/com_wishee/views/js/search.js
1	7	0	0	0	24656648	0	0	24629363	0	0	65562	/img-sys/headerbg.jpg
1	4	0	0	0	24656604	0	0	24645026	0	0	3560	/templates/wishee/css/template.css.map
1	3	0	0	0	24656544	0	0	24644583	0	0	2130	/media/com_akeeba/icons/akeebabackup-16-black.png
1	8	8	0	0	24658086	0	0	24646373	0	0	26649	/?10.135.2.110
1	0	0	4	0	0	24656645	0	0	24644592	0	0	/index.php/my-account?task=profile.edit&user_id=206
1	0	0	0	12	0	0	24656650	0	0	24629361	0	/favicon.ico
1	1	0	0	0	24645080	0	0	24645080	0	0	725	/media/jui/css/chosen-sprite@2x.png
1	4	0	0	0	24656646	0	0	24644592	0	0	136868	/index.php/my-account/profile?layout=edit
1	0	0	1	0	0	24645107	0	0	24645107	0	0	/index.php/sign-up?task=registration.register
1	0	0	4	0	0	24645496	0	0	24644721	0	0	/index.php/log-out
1	47	0	0	0	24656659	0	0	24644582	0	0	284651	/index.php/my-list
1	1	0	0	0	24645107	0	0	24645107	0	0	3795	/index.php/sign-up?layout=complete
1	3	0	0	0	24656544	0	0	24644583	0	0	10140	/administrator/templates/isis/js/template.js?025cb1f6e0532a3883ac4e638ddacc4c
1	38	0	0	0	24659115	0	0	24644581	0	0	43700	/templates/wishee/favicon.ico
1	5	0	1	0	24645490	24645033	0	24644849	24645033	0	35075	/index.php/my-list?view=search
1	7	0	0	0	24656648	0	0	24629363	0	0	3556	/img-sys/bg.jpg
1	0	0	0	1	0	0	24643737	0	0	24643737	0	/favicon.ico?66.249.93.1
1	163	0	0	0	24659266	0	0	24644581	0	0	5502880	/media/jui/js/jquery.min.js
1	55	0	0	0	24656646	0	0	24644581	0	0	186050	/index.php
1	1	0	0	0	24644581	0	0	24644581	0	0	1411	/installation/angie/js/finalise.js
1	21	0	0	0	24656911	0	0	24644582	0	0	161721	/media/jui/js/bootstrap.min.js
1	1	0	0	0	24644580	0	0	24644580	0	0	8777	/installation/template/angie/img/glyphicons-halflings-white.png
1	55	0	0	0	24659284	0	0	24656607	0	0	1183875	/templates/wishee/css/bootstrap.css
1	2	0	0	0	24656646	0	0	24644593	0	0	1040	/media/jui/css/chosen-sprite.png
1	1	0	0	0	24644580	0	0	24644580	0	0	3559	/installation/angie/js/json.js
1	0	0	2	0	0	24656543	0	0	24644582	0	0	/administrator?wishee
1	7	0	0	0	24656648	0	0	24629363	0	0	61922	/img-sys/contentbox.jpg
1	72	0	0	0	24659266	0	0	24644582	0	0	511167	/index.php/search
1	2	0	0	2	24656644	0	24645016	24645016	0	24645016	1587	/index.php/index.php?option=com_wishee&view=list&task=deleteGiftAJAX&format=raw
1	265	0	0	0	24656604	0	0	24644581	0	0	1817900	/templates/wishee/js/foundation.min.js
1	4	0	0	0	24656646	0	0	24644593	0	0	9160	/media/jui/css/chosen.css
1	4	4	0	0	24656543	0	0	24644582	0	0	19928	/administrator/?wishee
1	4	0	0	0	24656544	0	0	24644583	0	0	100779	/administrator/index.php?wishee
1	1	0	0	0	24644580	0	0	24644580	0	0	16842	/installation/template/angie/css/bootstrap-responsive.min.css
1	100	0	0	0	24659266	0	0	24644581	0	0	152200	/media/system/js/punycode.js
1	1	0	0	0	24644580	0	0	24644580	0	0	5185	/installation/angie/js/database.js
1	270	0	0	0	24656604	0	0	24644581	0	0	2898450	/templates/wishee/css/foundation.css
1	0	0	15	0	0	24656637	0	0	24644582	0	0	/index.php/log-in?task=user.login
1	1	0	0	0	24644581	0	0	24644581	0	0	19231	/installation/index.php?view=setup
1	1	0	0	0	24644580	0	0	24644580	0	0	105901	/installation/template/angie/css/bootstrap.min.css
1	0	0	1	0	0	24644583	0	0	24644583	0	0	/administrator/index.php?option=com_login&task=logout&a5f3ec6e4b8043dfd1591291ec8f5ea8=1
1	7	0	1	0	24644581	24644581	0	24644580	24644581	0	13063	/installation/index.php
1	5	0	0	0	24644581	0	0	24644580	0	0	128736	/kickstart.php
1	3	0	0	0	24656646	0	0	24644593	0	0	12943	/index.php/my-account/profile
1	3	0	0	0	24656911	0	0	24645105	0	0	31331	/index.php/sign-up
1	1	0	0	0	24656544	0	0	24656544	0	0	2	/administrator/index.php?option=com_installer&view=update&task=update.ajax&e2852bc70c9a67be25f15b2c0e382b36=1&eid=0&skip=700
1	1	0	4	0	24644583	24656544	0	24644583	24644583	0	455	/administrator/index.php
1	0	0	1	0	0	24645496	0	0	24645496	0	0	/index.php?option=com_users&task=user.logout&73087734a0137e816747da9ae72cb039=1&return=aHR0cDovL2N0NjAwOC1idWl6a2l0cy5zdHVkZW50c2l0ZXMuZ2xvcy5hYy51ay8=
1	163	0	0	0	24659266	0	0	24644581	0	0	654282	/media/jui/js/jquery-migrate.min.js
1	1	0	0	0	24644581	0	0	24644581	0	0	6034	/installation/index.php?view=finalise
1	77	77	0	0	24659284	0	0	24629361	0	0	210722	/
1	1	0	0	0	24644580	0	0	24644580	0	0	92629	/installation/template/angie/js/jquery.js
1	1	0	0	0	24644580	0	0	24644580	0	0	722	/installation/template/angie/css/footer.css
1	100	0	0	0	24659266	0	0	24644581	0	0	133900	/media/system/js/validate.js
1	3	0	0	0	24656544	0	0	24644583	0	0	2409	/media/plg_quickicon_joomlaupdate/js/jupdatecheck.js
1	1	0	0	0	24644580	0	0	24644580	0	0	17596	/installation/index.php?view=database
1	0	0	0	2	0	0	24642678	0	0	24639674	0	/favicon.ico?82.32.23.156
1	0	0	1	0	0	24644760	0	0	24644760	0	0	/index.php?option=com_users&task=user.logout&bedda4d1daaa79d2b7d9fdf1314a5ff2=1&return=aHR0cDovL2N0NjAwOC1idWl6a2l0cy5zdHVkZW50c2l0ZXMuZ2xvcy5hYy51ay8=
1	11	0	0	0	24656645	0	0	24644592	0	0	46591	/index.php/my-account
1	1	0	0	0	24644581	0	0	24644581	0	0	2228	/installation/platform/js/setup.js
1	100	0	0	0	24659266	0	0	24644581	0	0	236700	/media/system/js/html5fallback.js
1	2	0	0	0	24656543	0	0	24644582	0	0	4038	/administrator/templates/isis/favicon.ico
1	1	0	0	0	24644580	0	0	24644580	0	0	12799	/installation/template/angie/img/glyphicons-halflings.png
1	1	0	0	0	24656544	0	0	24656544	0	0	2	/administrator/index.php?option=com_installer&view=update&task=update.ajax&e2852bc70c9a67be25f15b2c0e382b36=1&eid=700&cache_timeout=3600
1	1	1	0	0	24644580	0	0	24644580	0	0	548	/installation/README.html
1	319	0	0	0	24659284	0	0	24644581	0	0	24569380	/templates/wishee/js/jquery.js
1	3	0	0	0	24656543	0	0	24644582	0	0	103674	/images/on-white-logo.png
1	2	0	0	0	24656658	0	0	24645081	0	0	28789	/index.php/blog/2-work-begins
1	1	0	0	0	24645133	0	0	24645133	0	0	2	/administrator/index.php?option=com_installer&view=update&task=update.ajax&6cdff1ffbd5efec3996eec611efcb036=1&eid=700&cache_timeout=3600
1	3	3	0	0	24637800	0	0	24633392	0	0	1017	/?82.32.23.156
1	1	1	0	0	24644941	0	0	24644941	0	0	3291	/?66.249.93.44
1	1	0	0	0	24644580	0	0	24644580	0	0	3646	/installation/angie/js/ajax.js
1	325	0	0	0	24659284	0	0	24644581	0	0	348075	/templates/wishee/css/template.css
1	2	0	0	0	24645081	0	0	24645049	0	0	12211	/index.php/blog/3-new-post
1	319	0	0	0	24659284	0	0	24644581	0	0	726363	/templates/wishee/js/what-input.js
1	1	0	0	0	24645133	0	0	24645133	0	0	2	/administrator/index.php?option=com_installer&view=update&task=update.ajax&6cdff1ffbd5efec3996eec611efcb036=1&eid=0&skip=700
1	50	0	0	1	24659267	0	24659267	24644582	0	24659267	3502790	/index.php/index.php?option=com_wishee&view=search&task=displaySearchResults&format=raw
1	0	0	1	0	0	24645488	0	0	24645488	0	0	/index.php/sign-up?task=registration.activate&token=c74bf11244168b053a368b6f1b838e33
1	55	0	0	0	24656658	0	0	24644585	0	0	18480	/media/system/js/caption.js
1	1	0	0	0	24644580	0	0	24644580	0	0	8757	/installation/template/angie/js/jquery.simulate.js
1	1	0	0	0	24644580	0	0	24644580	0	0	28418	/installation/template/angie/js/bootstrap.min.js
1	9	0	0	0	24656650	0	0	24629362	0	0	81774	/cpanel
1	319	0	0	0	24659284	0	0	24644581	0	0	0	/templates/wishee/js/actions.js
1	1	0	0	0	24645124	0	0	24645124	0	0	3300	/info/refs?service=git-upload-pack
1	1	0	0	0	24644580	0	0	24644580	0	0	1178	/installation/platform/js/main.js
1	1	1	0	0	24641215	0	0	24641215	0	0	339	/?66.249.93.1
1	1	0	0	0	24644583	0	0	24644583	0	0	2	/administrator/index.php?option=com_installer&view=update&task=update.ajax&a5f3ec6e4b8043dfd1591291ec8f5ea8=1&eid=0&skip=700
1	1	0	0	0	24644580	0	0	24644580	0	0	8238	/installation/template/angie/img/loading_big.gif
1	3	0	0	0	24656544	0	0	24644583	0	0	2148	/media/plg_quickicon_extensionupdate/js/extensionupdatecheck.js
1	24	0	0	0	24656658	0	0	24644585	0	0	108125	/index.php/blog
1	1	0	0	0	24644581	0	0	24644581	0	0	523	/installation/angie/js/ftpbrowser.js
3	306	0	0	0	24656658	0	0	24644585	0	0	3813853	http://ct6008-buizkits.studentsites.glos.ac.uk/index.php/blog
3	2	0	0	0	24644581	0	0	24644581	0	0	1411	http://ct6008-buizkits.studentsites.glos.ac.uk/installation/index.php?view=finalise
3	429	0	0	4	24659284	0	24641215	24644580	0	24629361	5969525	http://ct6008-buizkits.studentsites.glos.ac.uk/
3	46	0	1	0	24656911	24645107	0	24645105	24645107	0	491061	http://ct6008-buizkits.studentsites.glos.ac.uk/index.php/sign-up
3	15	1	0	0	24644580	0	0	24644580	0	0	297126	http://ct6008-buizkits.studentsites.glos.ac.uk/installation/index.php
3	27	0	0	0	24659266	0	0	24644582	0	0	1929000	http://ct6008-buizkits.studentsites.glos.ac.uk/templates/wishee/css/font-awesome.css
3	3	0	0	0	24656646	0	0	24644593	0	0	1765	http://ct6008-buizkits.studentsites.glos.ac.uk/media/jui/css/chosen.css
3	25	0	0	0	24645081	0	0	24645049	0	0	316715	http://ct6008-buizkits.studentsites.glos.ac.uk/index.php/blog/3-new-post
3	4	0	0	0	24644581	0	0	24644580	0	0	24696	http://ct6008-buizkits.studentsites.glos.ac.uk/installation/index.php?view=database
3	2	0	0	0	24656543	0	0	24644582	0	0	50848	http://ct6008-buizkits.studentsites.glos.ac.uk/administrator/templates/isis/css/template.css?025cb1f6e0532a3883ac4e638ddacc4c
3	71	0	0	0	24656646	0	0	24644593	0	0	692782	http://ct6008-buizkits.studentsites.glos.ac.uk/index.php/my-account/profile?layout=edit
3	89	2	8	0	24656646	24656645	0	24644592	24644592	0	1299590	http://ct6008-buizkits.studentsites.glos.ac.uk/index.php/my-account
3	32	0	3	0	24656544	24656544	0	24644582	24644583	0	481644	http://ct6008-buizkits.studentsites.glos.ac.uk/administrator/?wishee
3	26	0	0	0	24656659	0	0	24645081	0	0	322599	http://ct6008-buizkits.studentsites.glos.ac.uk/index.php/blog/2-work-begins
3	3	0	1	0	24644581	24644581	0	24644581	24644581	0	10407	http://ct6008-buizkits.studentsites.glos.ac.uk/installation/index.php?view=setup
3	1	1	0	0	24644583	0	0	24644583	0	0	3366	http://ct6008-buizkits.studentsites.glos.ac.uk/administrator/index.php
3	2	0	0	0	24644580	0	0	24644580	0	0	21576	http://ct6008-buizkits.studentsites.glos.ac.uk/installation/template/angie/css/bootstrap.min.css
3	26	0	0	0	24656646	0	0	24644593	0	0	354812	http://ct6008-buizkits.studentsites.glos.ac.uk/index.php/my-account/profile
3	1	0	0	0	24644581	0	0	24644581	0	0	523	http://ct6008-buizkits.studentsites.glos.ac.uk/installation/index.php?view=ftpbrowser
3	1	1	0	0	24644679	0	0	24644679	0	0	3291	http://www.google.com/search
3	457	0	1	2	24656659	24645033	24645016	24644582	24645033	24645016	5562197	http://ct6008-buizkits.studentsites.glos.ac.uk/index.php/my-list
3	1	0	1	0	24645488	24645488	0	24645488	24645488	0	7929	https://outlook.live.com/
3	21	0	0	3	24656648	0	24656648	24629363	0	24645082	131040	http://ct6008-buizkits.studentsites.glos.ac.uk/cpanel
3	274	0	15	0	24656637	24656637	0	24644581	24644582	0	2784410	http://ct6008-buizkits.studentsites.glos.ac.uk/index.php/log-in
3	9	0	0	0	24645112	0	0	24645107	0	0	116403	http://ct6008-buizkits.studentsites.glos.ac.uk/index.php/sign-up?layout=complete
3	362	0	0	0	24656658	0	0	24644585	0	0	4336038	http://ct6008-buizkits.studentsites.glos.ac.uk/index.php/about-wishee
3	52	8	2	0	24656612	24644583	0	24644583	24644583	0	464332	http://ct6008-buizkits.studentsites.glos.ac.uk/administrator/index.php?wishee
3	91	0	0	0	24645490	0	0	24644849	0	0	1190995	http://ct6008-buizkits.studentsites.glos.ac.uk/index.php/my-list?view=search
3	6	0	0	0	24644581	0	0	24644580	0	0	30306	http://ct6008-buizkits.studentsites.glos.ac.uk/kickstart.php
3	492	2	4	0	24656646	24645496	0	24644581	24645105	0	6594776	http://ct6008-buizkits.studentsites.glos.ac.uk/index.php
3	1228	0	0	1	24659267	0	24659267	24644582	0	24659267	15006778	http://ct6008-buizkits.studentsites.glos.ac.uk/index.php/search
4	3	3	0	0	24646948	0	0	24646948	0	0	9873	Mozilla/5.0 (X11; Ubuntu; Linux x86_64; rv:36.0) Gecko/20100101 Firefox/36.0
4	1	0	0	0	24645124	0	0	24645124	0	0	3300	git/2.10.1.windows.1
4	1	0	0	1	24656650	0	24656650	24656650	0	24656650	9086	Mozilla/5.0 (Windows NT 10.0; Win64; x64) AppleWebKit/537.36 (KHTML, like Gecko) Chrome/54.0.2840.99 Safari/537.36
4	126	2	3	0	24644728	24644721	0	24644720	24644721	0	1578582	Mozilla/5.0 (Linux; Android 6.0.1; SM-G900F Build/MMB29M) AppleWebKit/537.36 (KHTML, like Gecko) Chrome/54.0.2840.68 Mobile Safari/537.36
4	33	18	0	5	24659115	0	24643737	24637979	0	24637979	65322	Mozilla/5.0 (X11; Linux x86_64) AppleWebKit/537.36 (KHTML, like Gecko) Chrome/49.0.2623.75 Safari/537.36 Google Favicon
4	140	4	0	1	24656911	0	24629361	24629361	0	24629361	1884136	Mozilla/5.0 (Windows NT 10.0; WOW64) AppleWebKit/537.36 (KHTML, like Gecko) Chrome/54.0.2840.71 Safari/537.36
4	2456	35	23	4	24659284	24656544	24659267	24644755	24644756	24645016	30593448	Mozilla/5.0 (Macintosh; Intel Mac OS X 10_12_1) AppleWebKit/537.36 (KHTML, like Gecko) Chrome/54.0.2840.71 Safari/537.36
4	9	5	0	1	24638296	0	24637800	24637800	0	24637800	29501	Mozilla/5.0 (Macintosh; Intel Mac OS X 10_12_0) AppleWebKit/537.36 (KHTML, like Gecko) Chrome/54.0.2840.71 Safari/537.36
4	12	8	0	1	24636870	0	24633392	24633392	0	24633392	30518	Mozilla/5.0 (Macintosh; Intel Mac OS X 10_12_0) AppleWebKit/537.36 (KHTML, like Gecko) Chrome/53.0.2785.143 Safari/537.36
4	9	1	0	0	24644679	0	0	24644679	0	0	116394	Mozilla/5.0 (X11; Linux x86_64) AppleWebKit/537.36 (KHTML, like Gecko; Google Web Preview) Chrome/27.0.1453 Safari/537.36
4	24	2	0	2	24645411	0	24645411	24645081	0	24645082	270830	Mozilla/5.0 (Windows NT 10.0; Win64; x64) AppleWebKit/537.36 (KHTML, like Gecko) Chrome/54.0.2840.71 Safari/537.36
4	1399	17	12	22	24656659	24656645	24656648	24641215	24644581	24641215	18041539	Mozilla/5.0 (X11; Linux x86_64) AppleWebKit/537.36 (KHTML, like Gecko) Chrome/54.0.2840.71 Safari/537.36
5	271	11	2	0	24656636	24656544	0	24656364	24656543	0	3320531	10.105.1.3
5	9	1	0	0	24651159	0	0	24651159	0	0	116394	45.56.154.183
5	10	1	0	0	24656575	0	0	24656575	0	0	117663	45.56.154.83
5	565	8	2	20	24656659	24656645	24656648	24656604	24656637	24656607	8021747	10.135.3.31
5	1	0	0	1	24656650	0	24656650	24656650	0	24656650	9086	10.135.3.28
5	9	5	0	1	24638296	0	24637800	24637800	0	24637800	29501	10.105.0.24
5	1	1	0	0	24637979	0	0	24637979	0	0	339	66.249.93.5
5	12	3	0	2	24658086	0	24642678	24639061	0	24641992	35821	66.249.93.48
5	10	1	0	1	24645411	0	24645411	24645411	0	24645411	125480	86.153.76.114
5	11	5	0	2	24659115	0	24643737	24641992	0	24639674	28163	66.249.93.46
5	15	1	0	1	24645124	0	24645082	24645081	0	24645082	148650	10.135.3.93
5	0	0	0	1	0	0	24637979	0	0	24637979	0	66.249.93.1
5	780	13	10	3	24656911	24644721	24644579	24629361	24644581	24629361	9827397	82.32.23.156
5	1436	13	14	3	24645191	24645112	24645079	24644755	24644756	24645016	17603555	10.105.0.54
5	14	8	0	0	24659115	0	0	24644679	0	0	108511	66.249.93.44
5	37	2	0	1	24659284	0	24659267	24659266	0	24659267	791345	10.135.0.198
5	474	4	6	0	24646949	24646533	0	24645488	24645488	0	5864989	81.153.5.174
5	2	1	0	0	24646149	0	0	24646149	0	0	4441	66.249.83.76
5	2	1	0	0	24651214	0	0	24651214	0	0	4441	66.249.83.74
5	12	8	0	1	24636870	0	24633392	24633392	0	24633392	30518	10.105.0.210
5	219	3	1	0	24653748	24651310	0	24651310	24651310	0	2778971	10.105.0.164
5	3	3	0	0	24646948	0	0	24646948	0	0	9873	50.31.64.15
5	320	2	3	0	24645145	24645133	0	24645072	24645073	0	3655113	10.135.2.110
z	0	325	0	24659284	0
z	1	8	0	24656544	32
z	2	164	0	24659266	3522
z	3	148	21	24656659	82938
z	4	2654	74	24659284	11801542
z	5	909	0	24659284	40213443
z	6	5	0	24653738	531052
c	200	4208	24659284
c	301	2	24656543
c	303	36	24656645
c	304	5	24646475
c	404	34	24656650
c	500	2	24645016
c	503	1	24659267
